1 2
1 3
1 4
1 5
1 6
1 7
1 8
1 9
1 10
1 11
1 12
1 14
1 15
1 19
1 26
1 29
1 30
1 31
1 32
1 33
1 34
1 39
1 40
1 41
1 42
1 76
2 3
2 4
2 5
2 6
2 7
2 10
2 11
2 14
2 29
2 30
2 31
2 32
2 33
2 34
2 35
2 36
2 38
2 39
2 40
2 41
2 42
2 43
2 76
3 4
3 5
3 6
3 7
3 10
3 30
3 31
3 32
3 33
3 34
3 35
3 36
3 38
3 39
3 40
3 42
4 5
4 6
4 7
4 8
4 10
4 11
4 31
4 32
4 33
4 34
4 35
4 36
4 37
4 38
4 39
4 40
4 42
5 6
5 7
5 8
5 9
5 10
5 11
5 31
5 32
5 33
5 34
5 35
5 36
5 37
5 38
5 39
6 7
6 8
6 9
6 10
6 11
6 12
6 13
6 14
6 15
6 30
6 31
6 32
6 33
6 34
6 35
6 36
6 38
6 39
6 40
6 41
7 8
7 9
7 10
7 11
7 12
7 13
7 14
7 15
7 31
7 32
7 33
7 35
7 36
7 37
7 39
8 9
8 10
8 11
8 12
8 13
8 14
8 15
8 16
8 33
8 39
9 10
9 11
9 12
9 13
9 14
9 15
9 16
9 17
9 18
9 31
9 33
9 36
9 37
9 39
9 63
9 65
9 68
10 11
10 12
10 13
10 14
10 15
10 16
10 17
10 18
10 19
10 31
10 32
10 33
10 34
10 35
10 36
10 37
10 38
10 39
10 41
10 63
10 65
10 68
10 69
10 70
11 12
11 13
11 14
11 15
11 16
11 17
11 18
11 19
11 20
11 26
11 27
11 29
11 30
11 31
11 32
11 33
11 36
11 39
11 40
11 41
11 63
11 68
12 13
12 14
12 15
12 16
12 17
12 18
12 19
12 20
12 21
12 31
12 39
12 63
12 65
12 68
13 14
13 15
13 16
13 17
13 18
13 19
13 20
13 21
13 22
13 31
13 33
13 35
13 36
13 37
13 38
13 39
13 41
13 62
13 63
13 64
13 65
13 66
13 67
13 68
13 69
13 70
14 15
14 16
14 17
14 18
14 19
14 20
14 21
14 22
14 23
14 24
14 25
14 26
14 29
14 30
14 31
14 32
14 33
14 34
14 35
14 36
14 37
14 38
14 39
14 40
14 41
14 42
14 61
14 62
14 63
14 64
14 65
14 67
14 68
14 69
14 70
14 71
14 72
15 16
15 17
15 18
15 19
15 20
15 21
15 22
15 23
15 24
15 25
15 26
15 27
15 29
15 31
15 39
15 41
15 63
15 68
15 70
15 72
16 17
16 18
16 19
16 20
16 21
16 22
16 23
16 24
16 26
16 63
16 64
16 65
16 70
17 18
17 19
17 20
17 21
17 22
17 23
17 24
17 39
17 41
17 57
17 61
17 62
17 63
17 64
17 65
17 66
17 67
17 68
17 69
17 70
17 72
18 19
18 20
18 21
18 22
18 23
18 24
18 25
18 26
18 29
18 30
18 31
18 32
18 38
18 39
18 40
18 41
18 42
18 43
18 55
18 56
18 57
18 58
18 59
18 60
18 61
18 62
18 63
18 64
18 65
18 68
18 69
18 70
18 71
18 72
18 73
19 20
19 21
19 22
19 23
19 24
19 25
19 26
19 27
19 28
19 29
19 30
19 31
19 32
19 39
19 40
19 41
19 42
19 43
19 44
19 55
19 56
19 57
19 61
19 63
19 70
19 71
19 72
19 73
20 21
20 22
20 23
20 24
20 25
20 26
20 55
20 63
20 72
21 22
21 23
21 24
21 25
21 26
21 55
21 57
21 61
21 62
21 63
21 64
21 65
21 70
21 72
22 23
22 24
22 25
22 26
22 41
22 50
22 52
22 53
22 54
22 55
22 56
22 57
22 58
22 59
22 60
22 61
22 62
22 63
22 64
22 70
22 71
22 72
23 24
23 25
23 26
23 27
23 52
23 54
23 55
23 56
23 57
23 61
23 72
24 25
24 26
24 27
24 28
24 29
24 31
24 41
24 42
24 43
24 50
24 52
24 53
24 54
24 55
24 56
24 57
24 58
24 59
24 61
24 63
24 70
24 71
24 72
24 73
24 74
25 26
25 27
25 28
25 29
25 30
25 31
25 41
25 42
25 43
25 44
25 52
25 55
25 56
25 57
25 72
25 74
26 27
26 28
26 29
26 30
26 31
26 41
26 42
26 43
26 44
26 56
26 72
26 76
27 28
27 29
27 30
27 31
27 41
27 42
27 43
27 44
27 56
27 72
27 76
28 29
28 30
28 31
28 40
28 41
28 42
28 43
28 44
28 45
28 46
28 52
28 56
28 72
28 73
28 74
28 75
28 76
29 30
29 31
29 32
29 40
29 41
29 42
29 43
29 44
29 45
29 52
29 56
29 70
29 71
29 72
29 73
29 74
29 75
29 76
30 31
30 32
30 33
30 34
30 39
30 40
30 41
30 42
30 43
30 44
30 45
30 56
30 70
30 71
30 72
30 73
30 74
30 75
30 76
31 32
31 33
31 34
31 35
31 37
31 38
31 39
31 40
31 41
31 42
31 43
31 44
31 68
31 69
31 70
31 71
31 72
31 73
31 76
32 33
32 34
32 35
32 36
32 37
32 38
32 39
32 40
32 41
32 42
32 43
32 60
32 68
32 69
32 70
32 71
32 72
32 73
32 76
33 34
33 35
33 36
33 37
33 38
33 39
33 40
33 41
33 42
33 68
33 69
33 70
33 71
33 73
34 35
34 36
34 37
34 38
34 39
34 40
34 41
34 42
34 60
34 68
34 69
34 70
34 71
34 72
34 73
35 36
35 37
35 38
35 39
35 40
35 60
35 67
35 68
35 69
35 70
36 37
36 38
36 39
36 40
36 63
36 65
36 67
36 68
36 69
36 70
37 38
37 39
37 40
37 60
37 61
37 62
37 63
37 65
37 66
37 67
37 68
37 69
37 70
37 71
38 39
38 40
38 41
38 42
38 59
38 60
38 61
38 62
38 63
38 65
38 67
38 68
38 69
38 70
38 71
38 72
38 73
39 40
39 41
39 42
39 59
39 60
39 61
39 62
39 63
39 65
39 67
39 68
39 69
39 70
39 71
39 72
39 73
40 41
40 42
40 43
40 59
40 60
40 61
40 68
40 69
40 70
40 71
40 72
40 73
40 74
40 76
41 42
41 43
41 44
41 45
41 48
41 50
41 56
41 57
41 59
41 60
41 61
41 63
41 68
41 69
41 70
41 71
41 72
41 73
41 74
41 75
41 76
42 43
42 44
42 45
42 47
42 48
42 56
42 70
42 71
42 72
42 73
42 74
42 75
42 76
43 44
43 45
43 46
43 47
43 48
43 49
43 50
43 51
43 52
43 55
43 56
43 57
43 70
43 71
43 72
43 73
43 74
43 75
43 76
44 45
44 46
44 47
44 48
44 49
44 52
44 56
44 72
44 73
44 74
44 75
44 76
45 46
45 47
45 48
45 49
45 50
45 51
45 52
45 56
45 72
45 73
45 74
45 75
45 76
46 47
46 48
46 49
46 50
46 51
46 52
46 73
46 74
46 75
46 76
47 48
47 49
47 50
47 51
47 52
47 53
47 54
47 72
47 73
47 74
47 75
47 76
48 49
48 50
48 51
48 52
48 71
48 72
48 73
48 74
48 75
48 76
49 50
49 51
49 52
49 53
49 54
49 56
49 57
49 58
49 59
49 71
49 72
49 73
49 74
49 75
49 76
50 51
50 52
50 53
50 54
50 55
50 56
50 57
50 58
50 59
50 60
50 61
50 70
50 71
50 72
50 73
50 74
50 75
51 52
51 53
51 54
51 55
51 56
51 57
51 58
51 59
51 72
51 73
51 74
51 75
52 53
52 54
52 55
52 56
52 57
52 58
52 59
52 72
52 73
52 74
52 75
53 54
53 55
53 56
53 57
53 58
53 59
53 61
53 72
53 74
54 55
54 56
54 57
54 58
54 74
55 56
55 57
55 58
55 61
55 72
55 74
56 57
56 58
56 59
56 60
56 61
56 70
56 71
56 72
56 73
56 74
57 58
57 59
57 60
57 61
57 62
57 63
57 70
57 71
57 72
57 73
57 74
58 59
58 60
58 61
58 62
58 70
58 71
58 72
58 73
58 74
59 60
59 61
59 62
59 63
59 68
59 69
59 70
59 71
59 72
59 73
59 74
60 61
60 62
60 63
60 67
60 68
60 69
60 70
60 71
60 72
60 73
61 62
61 63
61 64
61 65
61 66
61 67
61 68
61 69
61 70
61 71
61 72
61 73
62 63
62 64
62 65
62 66
62 67
62 68
62 69
62 70
62 71
62 72
63 64
63 65
63 66
63 67
63 68
63 69
63 70
63 71
63 72
64 65
64 66
64 67
64 68
64 69
64 70
65 66
65 67
65 68
65 69
65 70
66 67
66 68
66 69
66 70
67 68
67 69
67 70
68 69
68 70
68 71
69 70
69 71
69 72
70 71
70 72
70 73
71 72
71 73
71 74
72 73
72 74
72 75
72 76
73 74
73 75
73 76
74 75
74 76
75 76
