1 2
1 3
1 4
1 5
1 6
1 7
1 8
1 9
1 10
1 11
1 12
1 13
1 14
1 17
1 24
1 27
1 28
1 29
1 30
1 31
1 32
1 41
1 42
1 43
1 44
1 69
1 75
2 3
2 4
2 5
2 6
2 7
2 9
2 10
2 27
2 28
2 29
2 30
2 31
2 32
2 33
2 39
2 40
2 41
2 42
2 43
2 44
2 75
3 4
3 5
3 6
3 7
3 9
3 28
3 29
3 30
3 31
3 32
3 33
4 5
4 6
4 7
4 8
4 9
4 10
4 29
4 30
4 31
4 32
4 33
4 34
4 37
4 38
4 39
4 40
4 41
4 42
5 6
5 7
5 8
5 9
5 10
5 11
5 12
5 13
5 28
5 29
5 30
5 31
5 32
5 33
5 39
5 40
5 41
5 42
5 43
5 69
6 7
6 8
6 9
6 10
6 11
6 12
6 13
6 14
6 29
6 30
6 31
6 33
6 39
6 41
7 8
7 9
7 10
7 11
7 12
7 13
7 14
7 15
7 29
7 31
7 41
8 9
8 10
8 11
8 12
8 13
8 14
8 15
8 16
8 29
8 31
8 39
8 41
8 64
8 65
8 67
8 69
9 10
9 11
9 12
9 13
9 14
9 15
9 16
9 17
9 28
9 29
9 30
9 31
9 32
9 33
9 37
9 38
9 39
9 40
9 41
9 42
9 43
9 64
9 65
9 67
9 68
9 69
10 11
10 12
10 13
10 14
10 15
10 16
10 17
10 18
10 24
10 27
10 28
10 29
10 30
10 31
10 41
10 43
10 64
10 65
10 69
11 12
11 13
11 14
11 15
11 16
11 17
11 18
11 19
11 24
11 29
11 41
11 43
11 64
11 65
11 69
12 13
12 14
12 15
12 16
12 17
12 18
12 19
12 20
12 22
12 29
12 30
12 31
12 38
12 39
12 40
12 41
12 42
12 43
12 63
12 64
12 65
12 66
12 67
12 68
12 69
13 14
13 15
13 16
13 17
13 18
13 19
13 20
13 21
13 22
13 23
13 24
13 27
13 28
13 29
13 30
13 31
13 40
13 41
13 42
13 43
13 44
13 64
13 65
13 67
13 68
13 69
13 70
13 71
14 15
14 16
14 17
14 18
14 19
14 20
14 21
14 22
14 23
14 24
14 25
14 26
14 27
14 28
14 29
14 41
14 43
14 64
14 65
14 69
15 16
15 17
15 18
15 19
15 20
15 21
15 22
15 24
15 29
15 43
15 63
15 64
15 65
15 67
15 69
16 17
16 18
16 19
16 20
16 21
16 22
16 23
16 24
16 27
16 28
16 29
16 41
16 42
16 43
16 44
16 45
16 57
16 58
16 59
16 60
16 61
16 62
16 63
16 64
16 65
16 66
16 67
16 68
16 69
16 70
16 71
16 72
17 18
17 19
17 20
17 21
17 22
17 23
17 24
17 25
17 26
17 27
17 28
17 29
17 41
17 42
17 43
17 44
17 45
17 58
17 62
17 64
17 65
17 69
17 70
17 71
17 72
18 19
18 20
18 21
18 22
18 23
18 24
18 25
18 27
18 43
18 58
18 64
18 65
18 69
18 71
19 20
19 21
19 22
19 23
19 24
19 43
19 58
19 62
19 63
19 64
19 65
19 67
19 69
19 71
20 21
20 22
20 23
20 24
20 43
20 45
20 54
20 55
20 57
20 58
20 59
20 60
20 61
20 62
20 63
20 64
20 65
20 69
20 70
20 71
21 22
21 23
21 24
21 25
21 26
21 27
21 45
21 54
21 55
21 58
21 62
21 64
21 71
22 23
22 24
22 25
22 26
22 27
22 28
22 42
22 43
22 44
22 45
22 46
22 54
22 55
22 56
22 57
22 58
22 59
22 60
22 62
22 69
22 70
22 71
22 72
22 73
23 24
23 25
23 26
23 27
23 28
23 43
23 44
23 45
23 46
23 55
23 58
23 71
23 72
24 25
24 26
24 27
24 28
24 29
24 43
24 44
24 45
24 46
24 75
25 26
25 27
25 28
25 29
25 43
25 44
25 45
25 46
25 75
26 27
26 28
26 29
26 30
26 42
26 43
26 44
26 45
26 46
26 47
26 48
26 49
26 55
26 58
26 59
26 71
26 72
26 73
26 74
26 75
27 28
27 29
27 30
27 42
27 43
27 44
27 45
27 46
27 47
27 55
27 58
27 59
27 69
27 70
27 71
27 72
27 73
27 74
27 75
28 29
28 30
28 31
28 40
28 41
28 42
28 43
28 44
28 45
28 46
28 47
28 69
28 70
28 71
28 72
28 73
28 74
28 75
29 30
29 31
29 32
29 39
29 40
29 41
29 42
29 43
29 44
29 45
29 46
29 67
29 68
29 69
29 70
29 71
29 72
29 75
30 31
30 32
30 33
30 38
30 39
30 40
30 41
30 42
30 43
30 44
30 45
30 46
30 68
30 69
30 70
30 71
30 72
30 73
30 74
30 75
31 32
31 33
31 34
31 37
31 38
31 39
31 40
31 41
31 42
31 43
31 44
31 67
31 68
31 69
31 70
32 33
32 34
32 35
32 36
32 37
32 38
32 39
32 40
32 41
32 42
32 43
32 44
32 67
32 68
32 69
32 70
33 34
33 35
33 36
33 37
33 38
33 39
33 40
33 41
33 42
33 68
34 35
34 36
34 37
34 38
34 39
34 40
34 41
34 66
34 68
35 36
35 37
35 38
35 39
35 40
36 37
36 38
36 39
36 40
37 38
37 39
37 40
37 41
37 67
37 68
38 39
38 40
38 41
38 62
38 63
38 64
38 65
38 66
38 67
38 68
38 69
39 40
39 41
39 42
39 62
39 63
39 64
39 65
39 66
39 67
39 68
39 69
39 70
40 41
40 42
40 43
40 61
40 62
40 63
40 64
40 66
40 67
40 68
40 69
40 70
40 71
41 42
41 43
41 44
41 60
41 61
41 62
41 63
41 64
41 65
41 66
41 67
41 68
41 69
41 70
41 71
41 72
42 43
42 44
42 45
42 46
42 51
42 59
42 60
42 61
42 62
42 67
42 68
42 69
42 70
42 71
42 72
42 73
42 74
42 75
43 44
43 45
43 46
43 47
43 51
43 55
43 58
43 59
43 60
43 61
43 62
43 64
43 67
43 68
43 69
43 70
43 71
43 72
43 73
43 74
43 75
44 45
44 46
44 47
44 49
44 50
44 51
44 55
44 58
44 59
44 60
44 62
44 69
44 70
44 71
44 72
44 73
44 74
44 75
45 46
45 47
45 48
45 49
45 50
45 51
45 54
45 55
45 56
45 57
45 58
45 59
45 60
45 62
45 70
45 71
45 72
45 73
45 74
45 75
46 47
46 48
46 49
46 50
46 51
46 55
46 59
46 71
46 72
46 73
46 74
46 75
47 48
47 49
47 50
47 51
47 52
47 55
47 56
47 59
47 71
47 72
47 73
47 74
47 75
48 49
48 50
48 51
48 52
48 55
48 59
48 72
48 73
48 74
48 75
49 50
49 51
49 52
49 53
49 54
49 55
49 56
49 59
49 71
49 72
49 73
49 74
49 75
50 51
50 52
50 55
50 56
50 58
50 59
50 60
50 71
50 72
50 73
50 74
50 75
51 52
51 55
51 56
51 58
51 59
51 60
51 61
51 70
51 71
51 72
51 73
51 74
51 75
52 56
52 59
52 71
52 72
52 73
52 74
53 54
53 55
53 56
53 57
53 58
53 59
53 73
54 55
54 56
54 57
54 58
54 59
54 60
54 62
54 71
54 73
55 56
55 57
55 58
55 59
55 60
55 62
55 71
55 72
55 73
55 74
56 57
56 58
56 59
56 60
56 61
56 62
56 71
56 72
56 73
57 58
57 59
57 60
57 61
57 62
57 71
57 72
57 73
58 59
58 60
58 61
58 62
58 69
58 70
58 71
58 72
58 73
59 60
59 61
59 62
59 69
59 70
59 71
59 72
59 73
59 74
59 75
60 61
60 62
60 63
60 67
60 68
60 69
60 70
60 71
60 72
60 73
61 62
61 63
61 64
61 67
61 68
61 69
61 70
61 71
61 72
62 63
62 64
62 65
62 66
62 67
62 68
62 69
62 70
62 71
62 72
63 64
63 65
63 66
63 67
63 68
63 69
63 70
63 71
64 65
64 66
64 67
64 68
64 69
64 70
64 71
65 66
65 67
65 68
65 69
66 67
66 68
66 69
67 68
67 69
67 70
67 71
68 69
68 70
68 71
69 70
69 71
69 72
70 71
70 72
70 73
71 72
71 73
71 74
71 75
72 73
72 74
72 75
73 74
73 75
74 75
