1 5
1 7
1 8
1 9
1 12
1 13
1 35
1 36
1 42
1 44
1 46
1 66
1 67
1 69
1 71
1 73
1 74
1 75
1 76
2 7
2 8
2 9
2 10
2 11
2 13
2 14
2 15
2 38
2 40
2 60
2 62
2 64
2 65
2 66
2 67
2 68
2 69
2 70
2 71
2 73
2 75
2 76
3 10
3 14
3 38
3 39
3 41
3 60
3 61
3 62
3 64
3 65
3 67
3 68
3 69
3 70
4 10
4 11
4 14
4 18
4 29
4 31
4 37
4 38
4 39
4 58
4 67
5 10
5 11
5 14
5 37
5 39
6 10
6 11
6 12
6 13
6 14
6 18
6 19
6 25
6 29
6 33
6 37
6 39
7 9
7 13
7 14
8 31
8 33
8 34
8 36
8 39
9 16
9 20
10 22
10 24
10 25
10 29
10 41
10 58
11 25
11 29
11 30
11 31
11 32
11 33
11 34
11 36
11 39
11 41
11 70
12 31
12 33
12 34
12 36
12 39
13 20
13 21
13 23
13 47
13 55
13 58
14 21
14 24
14 25
14 26
14 29
14 31
14 39
14 41
14 43
14 52
14 55
14 56
14 58
14 59
15 25
15 27
15 29
15 30
15 31
15 32
15 33
15 34
15 39
15 41
16 24
16 31
16 39
17 23
17 39
17 41
17 51
17 52
17 55
17 56
17 58
18 24
18 25
18 26
18 27
18 28
18 29
18 31
18 39
18 41
18 43
18 48
18 51
18 52
18 55
18 56
18 57
18 58
18 59
18 61
18 70
18 72
19 24
19 25
19 26
19 27
19 28
19 29
19 30
19 31
19 39
19 41
20 26
20 27
20 31
20 41
20 47
20 51
20 55
21 41
21 48
21 51
21 52
21 54
21 55
21 56
21 58
22 29
22 31
22 39
22 41
22 45
22 47
22 48
22 51
22 52
22 54
22 55
22 56
22 58
23 29
23 41
23 47
23 48
23 51
23 52
23 54
23 55
24 29
24 41
24 44
24 45
24 47
24 48
24 51
24 55
25 31
25 39
25 41
25 43
25 44
25 45
25 47
25 48
25 51
25 52
25 55
26 39
26 41
26 43
26 44
26 45
26 47
26 48
26 51
26 52
26 56
27 41
27 42
27 44
27 45
27 47
27 48
28 41
28 42
28 43
28 44
28 45
28 47
28 48
29 41
29 42
29 43
29 44
29 45
29 47
29 48
29 51
29 52
29 56
29 72
30 32
30 40
30 41
30 42
30 44
30 73
30 75
31 38
31 39
31 40
31 41
31 42
31 43
31 44
31 48
31 49
31 51
31 52
31 53
31 56
31 70
31 72
32 38
32 39
32 40
32 41
32 42
32 67
32 69
32 71
32 73
33 39
33 41
34 37
34 38
34 39
34 40
34 41
34 42
34 69
34 70
34 71
34 72
35 36
35 37
35 38
35 40
35 42
35 67
35 69
36 67
37 44
37 67
38 42
38 62
38 64
38 67
38 69
38 71
38 73
39 49
39 52
39 53
39 56
39 59
39 60
39 62
39 63
39 64
39 65
40 62
40 64
40 66
40 67
40 69
40 71
40 73
41 49
41 52
41 56
41 57
41 58
41 59
41 60
41 61
41 62
41 63
41 64
41 65
41 66
41 67
41 68
42 62
42 64
42 67
42 69
42 73
43 47
43 48
43 49
43 51
43 52
43 56
43 72
43 74
44 48
45 52
45 74
46 61
46 63
46 65
46 66
46 67
46 68
46 70
47 54
48 56
48 59
48 72
48 74
49 61
49 63
49 64
49 65
49 66
49 67
49 68
49 70
49 72
49 74
50 61
50 63
50 70
50 72
51 57
51 61
51 72
52 58
52 59
52 60
52 61
52 62
52 63
52 70
52 72
52 74
53 59
53 60
53 61
53 63
53 70
53 72
53 74
53 75
54 61
54 72
54 74
55 61
56 61
56 63
56 70
56 72
56 74
57 59
57 63
57 70
57 72
57 74
58 72
58 74
59 70
59 72
59 74
60 67
60 69
60 70
60 71
60 72
60 73
60 75
61 67
61 68
61 69
61 70
61 71
61 72
61 74
61 75
62 67
62 69
62 70
62 71
62 72
62 73
62 75
63 68
63 69
63 70
63 71
63 72
64 67
64 68
64 69
64 70
64 71
64 72
64 73
65 68
65 70
65 71
65 72
65 73
66 72
66 73
66 74
66 76
67 73
67 75
68 73
68 74
68 76
69 73
69 75
69 76
